UNIT_START,ID,CLOCK_START,BYTES_START,UNIT_END,ID2,CLOCK_END,BYTES_END
2408917284,0,710995,32,2408927982,0,710998,7136
2410146390,1,711328,32,2410153024,1,711330,7104
2411376210,2,711661,32,2411382716,2,711663,7008
2412598746,3,711992,32,2412604792,3,711993,7008
2413823010,4,712323,32,2413828820,4,712324,7008
2415046328,5,712654,32,2415052298,5,712655,7008
2416267564,6,712984,32,2416273876,6,712986,6944
2417490724,7,713315,32,2417496744,7,713317,6816
2418702328,8,713643,32,2418708628,8,713645,6720
2419988788,9,713991,32,2419997216,9,713993,6720
2421207722,10,714321,32,2421214316,10,714323,6720
2422431368,11,714652,32,2422437728,11,714654,6784
2423650578,12,714982,32,2423656706,12,714983,6784
2424863856,13,715310,32,2424870084,13,715312,6688
2426071300,14,715637,32,2426077448,14,715638,6688
2427280170,15,715964,32,2427286352,15,715966,6688
2428497300,16,716293,32,2428503248,16,716295,6688
2429711588,17,716622,32,2429717636,17,716623,6688
2430913886,18,716947,32,2430919956,18,716949,6688
2432131522,19,717276,32,2432137622,19,717278,6688
2433358804,20,717608,32,2433364666,20,717610,6784
2434591110,21,717942,32,2434597000,21,717944,6784
2435809434,22,718271,32,2435815804,22,718273,6752
2437020620,23,718599,32,2437026664,23,718601,6752
2438240708,24,718929,32,2438247506,24,718931,6752
2439461474,25,719260,32,2439467452,25,719261,6752
2440676764,26,719588,32,2440682660,26,719590,6752
2441877414,27,719913,32,2441883302,27,719915,6816
2443095346,28,720243,32,2443101280,28,720244,6816
2444315658,29,720573,32,2444321370,29,720575,6816
2445526646,30,720901,32,2445532782,30,720902,6688
2446948376,31,721285,32,2446962098,31,721289,6688
1428762318,0,718771,32,1428772468,0,718774,6976
1430044754,1,719118,32,1430052120,1,719120,6976
1431325228,2,719465,32,1431331884,2,719467,6976
1432596024,3,719809,32,1432602186,3,719810,6912
1433871992,4,720154,32,1433878110,4,720155,6912
1435150758,5,720500,32,1435156580,5,720501,6912
1436443798,6,720850,32,1436449986,6,720851,6912
1437721146,7,721195,32,1437726794,7,721197,7072
1438995996,8,721540,32,1439001768,8,721542,7040
1440281220,9,721888,32,1440286632,9,721889,7072
1441561038,10,722234,32,1441566612,10,722236,7136
1442847112,11,722582,32,1442852654,11,722584,7104
1444132240,12,722930,32,1444137470,12,722931,7168
1445411620,13,723276,32,1445416740,13,723277,7168
1446696636,14,723624,32,1446701774,14,723625,7168
1447987300,15,723973,32,1447992354,15,723974,7168
1449273578,16,724321,32,1449278608,16,724322,7168
1450549646,17,724666,32,1450554638,17,724668,7168
1451847508,18,725017,32,1451852948,18,725019,7136
1453163228,19,725373,32,1453170296,19,725375,7104
1454450484,20,725722,32,1454455830,20,725723,7104
1455735686,21,726069,32,1455741124,21,726071,7104
1457008112,22,726414,32,1457013450,22,726415,7104
1458293670,23,726761,32,1458299296,23,726763,7072
1459574798,24,727108,32,1459580308,24,727110,7072
1460853036,25,727454,32,1460858300,25,727455,7136
1462141514,26,727802,32,1462146852,26,727804,7104
1463418456,27,728148,32,1463423862,27,728149,7072
1464706062,28,728496,32,1464711578,28,728498,7104
1466090838,29,728871,32,1466101782,29,728874,7104
1467512840,30,729256,32,1467521324,30,729258,7072
313876744,0,692783,32,313887644,0,692787,6592
315107160,1,693117,32,315114624,1,693119,6528
316332998,2,693448,32,316339680,2,693450,6496
317563808,3,693781,32,317570478,3,693783,6496
318777882,4,694110,32,318784318,4,694112,6496
320016902,5,694445,32,320023474,5,694447,6496
321237634,6,694775,32,321243858,6,694777,6496
322459468,7,695106,32,322465800,7,695108,6496
323680182,8,695436,32,323686354,8,695438,6496
324896918,9,695765,32,324902958,9,695767,6528
326119408,10,696096,32,326125812,10,696098,6496
327342424,11,696427,32,327348592,11,696429,6592
328573192,12,696760,32,328579350,12,696762,6592
329844024,13,697104,32,329851718,13,697106,6528
331063934,14,697434,32,331070046,14,697436,6656
332290316,15,697766,32,332296194,15,697767,6752
333523682,16,698099,32,333529454,16,698101,6816
334773236,17,698437,32,334779222,17,698439,6816
336007606,18,698771,32,336013628,18,698773,6944
337242970,19,699106,32,337248612,19,699107,6944
338475602,20,699439,32,338481072,20,699441,6944
339710462,21,699773,32,339716162,21,699775,6944
340943160,22,700107,32,340948744,22,700108,6944
342184466,23,700443,32,342190596,23,700444,6848
343409942,24,700774,32,343415768,24,700776,6944
344642730,25,701108,32,344648818,25,701109,6816
345884142,26,701444,32,345890230,26,701445,6816
347116426,27,701777,32,347122322,27,701779,6816
348342020,28,702109,32,348347916,28,702110,6720
349583648,29,702445,32,349589838,29,702446,6656
350823972,30,702780,32,350830730,30,702782,6784
352225858,31,703159,32,352235848,31,703162,6784
3872530752,0,691257,32,3872541302,0,691260,6976
3873776086,1,691594,32,3873782772,1,691596,7008
3875024544,2,691932,32,3875030556,2,691933,7008
3876269966,3,692269,32,3876276018,3,692270,7008
3877514858,4,692605,32,3877521030,4,692607,7008
3878758974,5,692942,32,3878764876,5,692944,7072
3880056832,6,693293,32,3880063896,6,693295,7072
3881315292,7,693634,32,3881321136,7,693635,7072
3882586928,8,693978,32,3882592772,8,693979,7136
3883839350,9,694317,32,3883845388,9,694318,7072
3885081808,10,694653,32,3885087794,10,694654,7072
3886331900,11,694991,32,3886338014,11,694993,7072
3887583556,12,695330,32,3887589354,12,695331,7008
3888835454,13,695668,32,3888841462,13,695670,6976
3890087230,14,696007,32,3890092990,14,696009,6976
3891327696,15,696343,32,3891333830,15,696344,6848
3892574884,16,696680,32,3892581400,16,696682,6816
3893826710,17,697019,32,3893833384,17,697021,6816
3895074194,18,697356,32,3895080584,18,697358,6816
3896317804,19,697693,32,3896323834,19,697694,6816
3897571186,20,698032,32,3897577536,20,698034,6784
3898818894,21,698369,32,3898825028,21,698371,6880
3900064458,22,698707,32,3900070468,22,698708,6944
3901321344,23,699047,32,3901327346,23,699048,6944
3902562138,24,699382,32,3902568366,24,699384,6944
3903805122,25,699719,32,3903811736,25,699720,6752
3905052416,26,700056,32,3905058942,26,700058,6752
3906297424,27,700393,32,3906303748,27,700395,6816
3907548392,28,700731,32,3907554552,28,700733,6816
3908781428,29,701065,32,3908787684,29,701067,6848
3910147218,30,701433,32,3910161622,30,701438,6848
2974012520,0,690711,32,2974021954,0,690713,7040
2975283838,1,691055,32,2975290944,1,691057,7104
2976515508,2,691388,32,2976521264,2,691390,7104
2977742018,3,691720,32,2977747968,3,691721,7072
2978967240,4,692051,32,2978972872,4,692053,7232
2980195818,5,692384,32,2980201516,5,692385,7232
2981430718,6,692718,32,2981436046,6,692719,7264
2982668018,7,693053,32,2982673288,7,693054,7264
2983899938,8,693386,32,2983905594,8,693387,7168
2985132836,9,693719,32,2985138240,9,693721,7136
2986350740,10,694049,32,2986356340,10,694051,7200
2987580926,11,694382,32,2987587018,11,694384,7104
2988829264,12,694720,32,2988835130,12,694721,7008
2990056152,13,695052,32,2990061834,13,695053,7136
2991273726,14,695381,32,2991278944,14,695382,7264
2992511976,15,695716,32,2992517262,15,695717,7264
2993751112,16,696051,32,2993756680,16,696053,7264
2994983366,17,696385,32,2994988624,17,696386,7264
2996209030,18,696716,32,2996213972,18,696718,7264
2997441652,19,697050,32,2997446526,19,697051,7264
2998666266,20,697381,32,2998671504,20,697383,7264
2999905184,21,697716,32,2999910338,21,697718,7264
3001148580,22,698053,32,3001153698,22,698054,7264
3002378346,23,698385,32,3002383582,23,698387,7232
3003611010,24,698719,32,3003616166,24,698720,7232
3004841826,25,699052,32,3004847220,25,699053,7232
3006078684,26,699387,32,3006084054,26,699388,7232
3007301372,27,699717,32,3007306396,27,699719,7232
3008527158,28,700049,32,3008532246,28,700051,7232
3009754694,29,700381,32,3009760092,29,700383,7232
1776286340,0,693274,32,1776302350,0,693278,6752
1777539652,1,693613,32,1777547898,1,693615,6752
1778778068,2,693948,32,1778784836,2,693950,6752
1780010378,3,694282,32,1780017148,3,694284,6752
1781280400,4,694625,32,1781287542,4,694627,6752
1782515620,5,694959,32,1782521832,5,694961,6784
1783824516,6,695314,32,1783832852,6,695316,6752
1785070014,7,695650,32,1785076300,7,695652,6752
1786306310,8,695985,32,1786312930,8,695987,6816
1787545760,9,696320,32,1787551790,9,696322,6816
1788794684,10,696658,32,1788801788,10,696660,6816
1790066174,11,697002,32,1790073392,11,697004,6816
1791355110,12,697351,32,1791362858,12,697353,6944
1792635822,13,697698,32,1792643540,13,697700,6848
1793898358,14,698039,32,1793907322,14,698042,6848
1795189262,15,698388,32,1795196926,15,698391,6880
1796443704,16,698728,32,1796450348,16,698730,6912
1797783544,17,699090,32,1797792544,17,699093,6912
1799038234,18,699430,32,1799044994,18,699432,6912
1800263896,19,699761,32,1800269834,19,699763,6912
1801512202,20,700099,32,1801519210,20,700101,6912
1802766650,21,700439,32,1802772714,21,700440,7040
1804029918,22,700780,32,1804037116,22,700782,7040
1805298054,23,701124,32,1805304524,23,701125,6880
1806529548,24,701457,32,1806536112,24,701459,6944
1807786592,25,701797,32,1807793282,25,701799,6944
1809042128,26,702137,32,1809048812,26,702138,6944
1810312226,27,702480,32,1810319406,27,702482,6944
1811589060,28,702826,32,1811596382,28,702828,6944
1812908174,29,703183,32,1812916658,29,703185,6944
1814389464,30,703583,32,1814403308,30,703587,6944
1815774312,31,703958,32,1815781100,31,703960,6848
219062488,0,689735,32,219073924,0,689738,6912
220287730,1,690067,32,220294958,1,690069,6912
221506888,2,690397,32,221513552,2,690398,6912
222729570,3,690727,32,222736374,3,690729,6912
223957250,4,691060,32,223963656,4,691061,6944
225179050,5,691390,32,225185172,5,691392,6944
226399434,6,691720,32,226405462,6,691722,6944
227624040,7,692052,32,227629696,7,692053,7040
228843666,8,692382,32,228849056,8,692383,7040
230062976,9,692712,32,230068558,9,692713,7040
231281690,10,693041,32,231287886,10,693043,7008
232504588,11,693372,32,232510962,11,693374,7008
233752766,12,693710,32,233759288,12,693712,7040
234975840,13,694041,32,234981366,13,694042,7040
236207914,14,694374,32,236213860,14,694376,7072
237432364,15,694705,32,237438332,15,694707,7072
238669040,16,695040,32,238674796,16,695042,7072
239892088,17,695371,32,239897902,17,695373,7008
241111748,18,695701,32,241117738,18,695703,7008
242336210,19,696032,32,242342106,19,696034,6976
243556746,20,696362,32,243562538,20,696364,6944
244780288,21,696693,32,244786070,21,696695,6944
245999752,22,697023,32,246005492,22,697025,6944
247212376,23,697351,32,247217930,23,697353,6944
248432776,24,697682,32,248438314,24,697683,6944
249652462,25,698012,32,249658404,25,698013,6944
250875094,26,698342,32,250880900,26,698344,6944
252096550,27,698673,32,252102312,27,698675,6944
253319680,28,699004,32,253325474,28,699006,6944
254536642,29,699333,32,254542320,29,699335,6944
255805654,30,699676,32,255814058,30,699679,6976
3578388222,0,691764,32,3578399390,0,691767,6784
3579623392,1,692098,32,3579630622,1,692100,6816
3580839118,2,692427,32,3580845490,2,692429,6848
3582060080,3,692757,32,3582066448,3,692759,6720
3583276260,4,693086,32,3583282800,4,693088,6720
3584491612,5,693415,32,3584498214,5,693417,6528
3585705468,6,693744,32,3585711860,6,693745,6624
3586921404,7,694073,32,3586927706,7,694074,6624
3588135772,8,694401,32,3588142176,8,694403,6624
3589353962,9,694731,32,3589360208,9,694733,6624
3590555246,10,695056,32,3590561686,10,695058,6624
3591765824,11,695383,32,3591772250,11,695385,6624
3592991348,12,695715,32,3592997906,12,695717,6688
3594229304,13,696050,32,3594235902,13,696052,6688
3595444482,14,696379,32,3595451128,14,696380,6624
3596644856,15,696703,32,3596651278,15,696705,6624
3597859510,16,697032,32,3597865844,16,697034,6656
3599073764,17,697361,32,3599080066,17,697362,6656
3600283292,18,697688,32,3600289770,18,697690,6656
3601494842,19,698016,32,3601501208,19,698017,6624
3602714584,20,698346,32,3602720936,20,698347,6656
3603937562,21,698677,32,3603943996,21,698678,6656
3605153986,22,699006,32,3605160272,22,699007,6656
3606375826,23,699336,32,3606382198,23,699338,6656
3607583522,24,699663,32,3607589712,24,699665,6656
3608880724,25,700014,32,3608888060,25,700016,6592
3610098872,26,700344,32,3610105254,26,700345,6592
3611323256,27,700675,32,3611329750,27,700677,6528
3612534768,28,701003,32,3612541034,28,701004,6560
3613737676,29,701328,32,3613744244,29,701330,6560
3614954488,30,701657,32,3614960638,30,701659,6560
3616296034,31,702020,32,3616309090,31,702024,6592
3617590902,32,702371,32,3617597868,32,702373,6592
2880520226,0,690685,32,2880531508,0,690688,6848
2881752668,1,691018,32,2881759806,1,691020,6848
2882987988,2,691353,32,2882994672,2,691354,6944
2884227400,3,691688,32,2884233984,3,691690,6944
2885526842,4,692039,32,2885536698,4,692042,6944
2886813138,5,692387,32,2886822746,5,692390,6944
2888095662,6,692734,32,2888105468,6,692737,6880
2889380958,7,693082,32,2889390666,7,693085,6912
2890657736,8,693428,32,2890667422,8,693430,6944
2891951888,9,693778,32,2891961750,9,693781,6944
2893233204,10,694125,32,2893243066,10,694127,6880
2894509998,11,694470,32,2894520206,11,694473,6880
2895792198,12,694817,32,2895801886,12,694820,6912
2897069614,13,695163,32,2897079166,13,695165,6912
2898337782,14,695505,32,2898347038,14,695508,7040
2899622260,15,695853,32,2899631366,15,695856,7040
2900900620,16,696199,32,2900909710,16,696202,7040
2902173858,17,696544,32,2902183136,17,696546,7040
2903447932,18,696888,32,2903456762,18,696891,7072
2904725402,19,697234,32,2904734178,19,697236,7072
2906009180,20,697581,32,2906018268,20,697584,7008
2907307248,21,697932,32,2907316090,21,697935,7008
2908583042,22,698277,32,2908591804,22,698280,7072
2909863230,23,698624,32,2909872218,23,698626,7072
2911139196,24,698969,32,2911148574,24,698972,6880
2912416616,25,699315,32,2912426368,25,699318,6880
2913689402,26,699659,32,2913699080,26,699662,6912
2914967398,27,700005,32,2914977206,27,700008,6816
2916238648,28,700349,32,2916248148,28,700352,6816
2917742252,29,700756,32,2917758166,29,700760,6816
2919924370,30,701346,32,2919934134,30,701349,6816
2174300270,0,695001,32,2174312382,0,695004,6816
2175542220,1,695337,32,2175549360,1,695339,6816
2176771452,2,695669,32,2176778194,2,695671,6816
2178003430,3,696002,32,2178010454,3,696004,6816
2179228094,4,696334,32,2179234764,4,696336,6816
2180505298,5,696679,32,2180513736,5,696682,6816
2181743784,6,697015,32,2181750238,6,697016,6816
2182980478,7,697349,32,2182986792,7,697351,6816
2184212876,8,697683,32,2184219072,8,697684,6816
2185442142,9,698015,32,2185448356,9,698017,6912
2186678820,10,698350,32,2186685136,10,698352,6912
2187911968,11,698683,32,2187918244,11,698685,7008
2189166488,12,699023,32,2189172526,12,699025,7008
2190401470,13,699357,32,2190407642,13,699359,6944
2191633582,14,699690,32,2191639558,14,699692,6944
2192866646,15,700024,32,2192872506,15,700026,7168
2194121172,16,700363,32,2194126952,16,700365,7168
2195368112,17,700701,32,2195373836,17,700702,7168
2196601380,18,701034,32,2196607084,18,701036,7200
2197842504,19,701370,32,2197847934,19,701372,7168
2199088226,20,701707,32,2199093662,20,701709,7264
2200339038,21,702046,32,2200344552,21,702047,7264
2201583350,22,702382,32,2201588698,22,702384,7264
2202821274,23,702717,32,2202826764,23,702719,7296
2204090000,24,703061,32,2204095638,24,703062,7232
2205336784,25,703398,32,2205342706,25,703400,7232
2206580900,26,703734,32,2206586508,26,703736,7200
2207819494,27,704070,32,2207825164,27,704071,7168
2209064628,28,704407,32,2209070004,28,704408,7168
2210448512,29,704775,32,2210455072,29,704777,7168
2211846668,30,705152,32,2211861240,30,705157,7200
